              mpg   cylinders  displacement       weight  acceleration  \
count  397.000000  397.000000    397.000000   397.000000    397.000000   
mean    23.515869    5.458438    193.532746  2970.261965     15.555668   
std      7.825804    1.701577    104.379583   847.904119      2.749995   
min      9.000000    3.000000     68.000000  1613.000000      8.000000   
25%     17.500000    4.000000    104.000000  2223.000000     13.800000   
50%     23.000000    4.000000    146.000000  2800.000000     15.500000   
75%     29.000000    8.000000    262.000000  3609.000000     17.100000   
max     46.600000    8.000000    455.000000  5140.000000     24.800000   

             year      origin  
count  397.000000  397.000000  
mean    75.994962    1.574307  
std      3.690005    0.802549  
min     70.000000    1.000000  
25%     73.000000    1.000000  
50%     76.000000    1.000000  
75%     79.000000    2.000000  
max     82.000000    3.000000  